
   *** Bell Statistics Summary
       --------------------------------------------------------------------
         Bell Number:       1    2    3    4    5    6    7    8    9    0  
       --------------------------------------------------------------------
         Mean Error: All    19   36   12   -1  -29    6    3  -23   -9  -16 
                      Hs    15   34   19   10  -39   14   -1  -33   11  -46 
                      Bs    24   37    5  -12  -18   -2    7  -13  -29   15 
        
         Std  Error: All    42   43   40   46   59   39   43   43   43   50 
                      Hs    41   39   36   41   59   38   43   43   37   41 
                      Bs    42   47   44   48   56   40   44   39   39   39 
        
         Rms  Error: All    46   56   42   46   65   40   43   49   44   52 
                      Hs    44   52   40   42   71   40   43   55   39   61 
                      Bs    48   60   44   50   59   39   44   41   48   41 
       --------------------------------------------------------------------
