1234567890
1234567890
1234567890
1234567890
1234567890
1234567890
1234567890
1234567890
1234567890
1234567890
1234567890
1234567890
1234567890
1234567890
1234567890
1234567890
1234567890
1234567890
1234567890
1234567890
1234567890
1234567890
1234567890
1234567890
1234567890
1234567890
1234567890
1234567890
1234567890
1234567890
1234567890
1234567890
1234567890
1234567890
2143658709
1246385079
2164830597
2614358079
6241830597
2614803957
6241089375
6420183957
4602819375
4620189735
6402817953
4608271935
6480729153
6840271935
8604729153
6840792513
8604975231
8069472513
0896745231
8069472531
0896745213
0987642531
9078465213
0987456123
9078541632
9708456123
7980541632
9785014623
7958106432
7985016342
9758103624
9571806342
5917083624
9571038264
5917302846
5197038264
1579302846
5173920486
1537294068
1573920486
5137294068
1532749608
5123476980
5213749608
2531476980
5213467890
2531648709
2356147890
3265418709
3256148079
2365410897
3264501879
2346058197
2436501879
4263058197
2436085917
4263809571
4628305917
6482039571
4628305971
6482039517
6840235971
8604329517
8640392157
8604931275
8064392157
0846931275
8049613257
0894162375
0849612735
8094167253
8901462735
9810647253
8901674523
9810765432
9180674523
1908765432
9107856342
1970583624
1907856342
9170583624
1975038264
9157302846
9517038264
5971302846
9517320486
5971234068
5792130486
7529314068
7592134608
5729316480
7523961408
5732694180
5372961408
3527694180
5372649810
3527468901
3254769810
2345678901
3254769801
2345678910
2436579801
4263758910
2436785190
4263871509
4623785190
6432871509
4623817590
6483125709
6438215079
4683120597
4861325079
8416230597
4861203957
8416029375
8146203957
1864029375
8160492735
1806947253
1860492735
8106947253
1809674523
8190765432
8910674523
9801765432
8910756342
9801573624
9085176342
0958713624
0985173264
9058712346
0957821364
9075283146
9705821364
7950283146
9705238416
7950324861
7593028416
5739204861
7593028461
5739204816
5372908461
3527094816
5372049186
3527401968
3257049186
2354071968
3245107986
2341590768
2345197608
3241569780
3412956708
4132956780
3241569870
1432658907
1432569870
1423658907
4126385907
