
   *** Bell Statistics Summary
       --------------------------------------------------------------------
         Bell Number:       1    2    3    4    5    6    7    8    9    0  
       --------------------------------------------------------------------
         Mean Error: All     9    8   29   10  -16    6    0  -30  -10  -13 
                      Hs    11   13   42   13  -15   12    1  -42   15  -33 
                      Bs     8    3   16    6  -17    0   -1  -18  -36    6 
        
         Std  Error: All    61   61   52   49   63   50   41   52   53   55 
                      Hs    58   60   52   47   64   42   42   47   48   57 
                      Bs    65   63   50   51   63   56   41   54   46   46 
        
         Rms  Error: All    62   62   60   50   65   50   41   60   54   57 
                      Hs    59   60   67   48   65   43   42   63   50   65 
                      Bs    65   63   52   51   65   55   40   57   58   47 
       --------------------------------------------------------------------
