1234567890
1234567890
3124567890
3124567890
1234567890
1234567890
1234567890
1234567890
1234567890
1234567890
1234567890
1234567890
1234567890
1234567890
1234567890
1234567890
1234567890
1234567890
1234567890
1234567890
1234567890
1234567890
1234567890
1234567890
1234567890
1234567890
1234567890
1234567890
2135476980
2314567890
3241658790
3426185970
4362819570
4638291750
6483927150
6849372510
8694735210
8967453120
9876541320
9785614230
7958162430
7591826340
5719283640
5172938460
1527394860
1253749680
2157394860
2513749680
5231476980
5324167890
3542618790
3456281970
4365829170
4638592710
6483957210
6849375120
6894731520
9687413250
9786142350
9781624530
7918265430
7192856340
1798265430
1792856340
7198265430
7912856340
9721583640
9275138460
2957314860
2593741680
5239476180
5324967810
3542698710
3456289170
4365821970
4638512790
6483157290
6841375920
8614739520
8167493250
1864739520
1687493250
6184739520
6817493250
8671942350
8769124530
7896215430
7982651340
9728563140
9275836410
2957384610
2953748160
5239471860
5324917680
3542196780
3451269870
4315682970
4136587290
1463857920
1648357920
6143857290
6418375920
4681739520
4867193520
8476913520
8749621530
7894256130
7982456310
9728543610
9275834160
2957381460
2593718640
5239176840
5321967480
3512694780
3156249870
1352694780
1536249870
5132694780
5316249870
3561428970
3654182790
6345817290
6438571920
4683759120
4867395210
8476932510
8749623150
7894261350
7982416530
9728145630
9271854360
2917583460
2195738640
1259376840
1523967480
5129376840
5213967480
2531694780
2356149870
3265418970
3624581790
6342857190
6438275910
4683729510
4867392150
8476931250
8749613520
7894165320
7981456230
9718542630
9175824360
1978542630
1975824360
9178542630
9715824360
7951283460
7592138640
5729316840
5273961480
2537694180
2356749810
3265478910
3624587190
6342851790
6438215970
4683129570
4861392750
8416937250
8149673520
1846937250
1489673520
4186937250
4819673520
8491765320
8947165230
9874516230
9785421630
7958243160
7592834610
5729386410
5273968140
2537691840
2356719480
3265174980
3621547890
6312458790
6134825970
1643829570
1468392750
4163829570
4618392750
6481937520
6849173520
8694715320
8967451230
9876542130
9785624310
7958263410
7592836140
5729381640
5273918460
2537194860
2351749680
3215476980
3124567890
1325476980
1234567890
1234567890
1234567890
1234567890
1234567890
1234567890
1234567890
