
   *** Bell Statistics Summary
       --------------------------------------------------------------------
         Bell Number:       1    2    3    4    5    6    7    8    9    0  
       --------------------------------------------------------------------
         Mean Error: All     2   14   20    5   -6    1  -13  -31    8    7 
                      Hs    -8    6   35   22  -14   12  -20  -38   23  -47 
                      Bs    12   23    5  -12    3  -10   -6  -23   -8   61 
        
         Std  Error: All    33   67   48   41   66   49   52   47   51   62 
                      Hs    30   67   46   39   65   51   57   48   48   32 
                      Bs    34   65   46   36   66   45   45   45   50   31 
        
         Rms  Error: All    33   68   52   42   66   49   53   56   52   62 
                      Hs    31   67   58   45   66   53   60   61   53   57 
                      Bs    36   69   46   38   66   46   45   50   50   68 
       --------------------------------------------------------------------
