
   *** Bell Statistics Summary
       ------------------------------------------------
         Bell Number:       1    2    3    4    5    6  
       ------------------------------------------------
         Mean Error: All     5    1   10   11  -20   -6 
                      Hs    -3    4   16   19  -32  -17 
                      Bs    12   -3    4    2   -7    5 
        
         Std  Error: All    23   32   25   24   26   27 
                      Hs    21   35   27   25   24   26 
                      Bs    23   29   22   20   23   24 
        
         Rms  Error: All    24   32   27   27   33   28 
                      Hs    21   35   31   32   40   31 
                      Bs    26   29   22   20   24   24 
       ------------------------------------------------
