12345678
12345678
12345678
12345678
12345678
12345678
12345678
12345678
12345678
12345678
12345678
12345678
12345678
12345678
12345678
12345678
12345678
12345678
12345678
12345678
12345678
12345678
12345678
12345678
12345678
12345678
12345678
12345678
21436587
24163857
42618375
46281735
64827153
68472513
86745231
87654321
78563412
75836142
57381624
53718264
35172846
31527486
13254768
12357486
21534768
25143678
52416387
54261837
45628173
46582713
64857231
68475321
86743512
87634152
78361425
73816245
37182654
31728564
13275846
13728564
31275846
32157486
23514768
25341678
52436187
54263817
45628371
46582731
64857213
68475123
86741532
87614352
78163425
71836245
17382654
17836245
71382654
73128564
37215846
32751486
23574168
25347618
52436781
54263871
45628317
46582137
64851273
68415723
86147532
81674352
18763425
17864352
71683425
76138245
67312854
63721584
36275148
32657418
23564781
25346871
52438617
54283167
45821376
48512736
84157263
81475623
18746532
17845623
71486532
74168352
47613825
46731285
64372158
63427518
36245781
32654871
23568417
25386147
52831674
58213764
85127346
81572436
18754263
17852436
71584263
75148623
57416832
54761382
45673128
46537218
64352781
63425871
36248517
32684157
23861475
28316745
82137654
81273564
18725346
18273564
81725346
87152436
78514263
75841623
57486132
54768312
45673821
46537281
64352718
63425178
36241587
32614857
23168475
21386745
12837654
12386745
21837654
28173564
82715346
87251436
78524163
75842613
57486213
54768231
45678312
46573182
64357128
63451278
36142587
31624857
13268475
12364857
21638475
26183745
62817354
68271534
86725143
87652413
78564231
75846321
57483612
54738162
45371826
43517286
34152768
31425678
13246587
12345678
12345678
12345678
12345678
12345678
12345678
12345678
