
   *** Bell Statistics Summary
       ----------------------------------------------------------
         Bell Number:       1    2    3    4    5    6    7    8  
       ----------------------------------------------------------
         Mean Error: All    31    0  -11    8    2  -12   -8  -17 
                      Hs    52    8  -14    7    6  -19    9  -65 
                      Bs    10   -9   -8    8   -1   -5  -25   32 
        
         Std  Error: All    51   37   46   42   42   44   44   71 
                      Hs    53   33   42   43   30   45   35   60 
                      Bs    40   40   50   40   51   41   45   42 
        
         Rms  Error: All    60   37   47   42   42   45   44   72 
                      Hs    74   33   44   43   30   48   36   88 
                      Bs    41   41   50   41   50   41   51   53 
       ----------------------------------------------------------
