
   *** Bell Statistics Summary
       ------------------------------------------------
         Bell Number:       1    2    3    4    5    6  
       ------------------------------------------------
         Mean Error: All     4   11   -3    1   -2   -6 
                      Hs    -1   16   -5    1   -6  -17 
                      Bs    10    6    0    0    1    4 
        
         Std  Error: All    22   29   24   24   25   21 
                      Hs    21   35   27   29   25   21 
                      Bs    22   21   19   19   25   16 
        
         Rms  Error: All    22   31   24   24   25   22 
                      Hs    21   38   28   29   25   27 
                      Bs    24   21   19   19   24   17 
       ------------------------------------------------
