
   *** Bell Statistics Summary
       ------------------------------------------------
         Bell Number:       1    2    3    4    5    6  
       ------------------------------------------------
         Mean Error: All     7   13    0    0  -12   -7 
                      Hs     5   12    0    2  -17  -18 
                      Bs     8   15    0   -2   -7    3 
        
         Std  Error: All    20   24   22   21   20   25 
                      Hs    20   25   22   22   20   26 
                      Bs    21   23   22   19   18   18 
        
         Rms  Error: All    22   27   22   21   23   26 
                      Hs    20   27   22   22   26   32 
                      Bs    23   28   22   19   20   19 
       ------------------------------------------------
