
   *** Bell Statistics Summary
       ------------------------------------------------
         Bell Number:       1    2    3    4    5    6  
       ------------------------------------------------
         Mean Error: All    11   13    2   -8  -10   -8 
                      Hs     7   12    4  -11  -17  -15 
                      Bs    14   15    0   -6   -4   -1 
        
         Std  Error: All    21   24   26   27   21   22 
                      Hs    21   23   31   31   21   22 
                      Bs    21   24   21   22   19   20 
        
         Rms  Error: All    24   27   26   28   23   24 
                      Hs    22   26   31   32   27   27 
                      Bs    25   28   21   23   20   20 
       ------------------------------------------------
