
   *** Bell Statistics Summary
       ----------------------------------------------------------
         Bell Number:       1    2    3    4    5    6    7    8  
       ----------------------------------------------------------
         Mean Error: All    -8    2    8    4  -13  -15    1   14 
                      Hs    -9   -6    0   19   -9  -20    5   21 
                      Bs    -6    9   16  -11  -17   -9   -4    8 
        
         Std  Error: All    55   26   33   41   45   41   33   33 
                      Hs    57   27   36   44   53   35   32   34 
                      Bs    53   24   27   31   34   45   34   30 
        
         Rms  Error: All    55   26   34   41   47   43   33   36 
                      Hs    58   27   36   48   54   40   32   40 
                      Bs    53   25   31   33   38   46   34   31 
       ----------------------------------------------------------
