12345678
12345678
12345678
12345678
12345678
12345678
12345678
12345678
12345678
12345678
12345678
12345678
12345678
12345678
12345678
12345678
12345678
12345678
12345678
12345678
12345678
12345678
12345678
12345678
21354768
23145678
32416578
23461758
24316578
42361758
43216578
34261758
43627158
46372518
64327158
63472518
36427158
34672518
43762158
34726518
37462158
73426518
74362158
47326518
74231658
72463158
27436158
24763518
42736158
47263518
74625318
47652138
46725318
64752138
67425318
76452138
67541238
65714328
56741238
57614328
75641238
76514328
67541238
76145328
71654238
17645328
16754238
61745328
16475328
14657238
41675328
46157238
64175328
61457238
16542738
61524378
65142738
56124378
51642738
15624378
51263478
52136748
25163478
21536748
12563478
15236748
51327648
15372468
13527648
31572468
35127648
53172468
35712648
37521468
73512648
75321468
57312648
53721468
35271648
53217468
52371648
25317468
23571648
32517468
23154768
21345678
12354768
13245678
31254768
32145678
23416578
32461758
34216578
43261758
42316578
24361758
42637158
46273518
64237158
62473518
26437158
24673518
42763158
24736518
27463158
72436518
74263158
47236518
74326158
73462518
37426158
34762518
43726158
47362518
74635218
47653128
46735218
64753128
67435218
76453128
67541328
65714238
56741328
57614238
75641328
76514238
67154328
76145238
71654328
17645238
16754328
61745238
16475238
14657328
41675238
46157328
64175238
61457328
16543728
16534278
61543728
56134278
51643728
15634278
51362478
53126748
35162478
31526748
13562478
15326748
51237648
15273468
12537648
21573468
25137648
52173468
25713648
27531468
72513648
75231468
57213648
52731468
25371648
52317468
53271648
35217468
32571648
23517468
32154768
31245678
13254768
12345678
12345678
12345678
12345678
12345678
12345678
12345678
