12345678
12345678
12345678
12345678
12345678
12345678
12345678
12345678
12345678
12345678
12345678
12345678
12345678
12345678
12345678
12345678
12345678
12345678
12345678
12345678
12345678
12345678
12345678
12345678
12345678
12345678
21436587
12346857
21438675
24136857
42316587
24135678
42315768
24351786
23457168
32541786
35247168
53427618
35246781
32547618
23456781
24365871
42638517
46235871
64328517
46238157
42631875
24368157
23461875
32416857
23146587
32415678
23145768
21347586
12435768
21345678
12436587
14263857
41628375
14682357
41863275
48162357
84613275
48163725
84167352
48671325
84763152
87461325
78643152
87463512
78645321
87654312
78563421
87654321
78563412
87536421
78354612
87534162
78351426
73854162
37581426
73518462
37154826
73514286
37152468
31754286
13572468
31527486
13254768
13527486
31254768
13245678
31426587
34125678
43216587
34126857
43218675
42381657
24836175
24381657
42836175
24863715
42687351
46283715
64827351
46283751
64827315
68423751
86247315
68274135
86721453
86274135
68721453
67812435
76184253
67814523
76185432
71684523
17865432
71856342
17583624
15786342
51768432
15674823
51647283
56142738
65417283
65142738
56417283
64571823
64578132
46751823
47658132
74568312
75486321
57843612
58734621
85374261
83547216
38452761
34825716
43285176
42381567
24835176
28431567
82413657
28146375
28413657
82146375
81243657
18234567
81325476
18352746
18537264
81352746
18325476
81234567
82135476
28314567
28134657
82316475
28361457
82634175
86231457
68324175
86234715
68327451
63872415
36784251
63872451
36784215
37648251
73462815
37642185
73461258
74362185
47631258
74613285
47162358
47612538
74165283
71462538
17645283
71654823
17568432
17564823
71658432
17685342
71863524
78165342
87613524
78163542
87615324
86751342
68573124
68751342
86573124
68753214
86572341
85673214
58762341
85672431
58764213
57862431
75684213
57864123
75681432
75864123
57681432
56718423
65174832
56714823
65178432
61574823
16758432
61785342
16873524
18675342
81763524
18673254
81762345
87163254
78613524
87165342
78615432
87651423
86754132
68571423
65874132
56784312
65873421
68574312
86753421
87635241
78362514
73865241
37682514
73862154
78361245
87632154
86731245
68713254
86173524
68715342
86175432
81674523
18765432
81675342
18763524
17836254
71382645
17832654
71386245
73182654
37816245
73186254
37812645
73821465
37284156
32781465
23874156
32784516
23875461
28374516
82735461
28375641
82736514
87235641
78326514
87236154
78321645
73826154
37281645
73218645
37124856
73214865
37128456
31724865
13278456
31728465
13274856
12347586
21435768
12345678
12345678
12345678
12345678
12345678
