
   *** Bell Statistics Summary
       ----------------------------------------------------------
         Bell Number:       1    2    3    4    5    6    7    8  
       ----------------------------------------------------------
         Mean Error: All     5   16  -13   10    5   -7  -13   -4 
                      Hs     3   11  -16   22    5   -5  -10    1 
                      Bs     8   20  -10   -1    4   -8  -16  -10 
        
         Std  Error: All    36   25   29   28   30   35   28   26 
                      Hs    36   22   26   27   28   29   24   28 
                      Bs    35   27   31   25   32   40   32   23 
        
         Rms  Error: All    36   29   32   30   30   36   31   27 
                      Hs    36   24   30   35   28   30   26   28 
                      Bs    36   33   33   25   33   41   35   25 
       ----------------------------------------------------------
