
   *** Bell Statistics Summary
       ------------------------------------------------
         Bell Number:       1    2    3    4    5    6  
       ------------------------------------------------
         Mean Error: All     3    9    7    2  -17   -2 
                      Hs    -1    6   18    3  -22  -10 
                      Bs     7   12   -5    1  -12    7 
        
         Std  Error: All    25   28   33   29   26   25 
                      Hs    23   24   36   35   29   26 
                      Bs    26   31   26   22   23   22 
        
         Rms  Error: All    25   29   34   29   31   25 
                      Hs    23   25   41   35   36   28 
                      Bs    27   33   26   22   26   23 
       ------------------------------------------------
