
   *** Bell Statistics Summary
       ----------------------------------------------------------
         Bell Number:       1    2    3    4    5    6    7    8  
       ----------------------------------------------------------
         Mean Error: All     5   12    4    0   -1  -19    4   -8 
                      Hs     8   11    1    8   -4  -30    8  -14 
                      Bs     3   12    6   -8    2   -8    0   -2 
        
         Std  Error: All    35   33   28   36   27   30   26   26 
                      Hs    38   31   29   34   26   27   25   27 
                      Bs    33   34   26   37   28   28   28   24 
        
         Rms  Error: All    36   35   28   36   27   35   27   28 
                      Hs    39   33   29   35   26   40   26   30 
                      Bs    33   36   27   38   27   29   28   24 
       ----------------------------------------------------------
