12345678
12345678
12345678
12345678
12345678
12345678
12345678
12345678
12345678
12345678
12345678
12345678
12345678
12345678
21436587
12346578
21435687
24136578
42315687
24135678
42316587
24361857
42638175
46231857
64328175
46238715
64327851
63428715
36247851
63427581
36245718
32647581
23465718
32645178
23461587
24365178
42631587
24613857
42168375
24618357
42163875
41268357
14623875
41263857
14628375
16482735
61847253
16874235
61782453
67184235
76812453
67182543
76815234
67851243
76582134
75681243
57862134
75682314
57863241
75836214
57382641
75836241
57382614
75328641
57236814
75326184
57231648
52736184
25371648
52317684
25136748
52316478
25134687
21536478
12354687
21345678
12436587
12435678
21346587
12364857
21638475
26134857
62318475
62138745
26317854
62371845
26738154
27631845
72368154
27638514
72365841
73256814
37528641
73256841
37528614
35782641
53876214
35786124
53871642
58376124
85731642
58713624
85176342
85716432
58174623
51876432
15784623
51748263
15472836
15748263
51784623
15876432
51867342
58163724
85617342
85163724
58617342
85671432
86574123
68751432
67854123
76584213
75648231
57462813
54726831
45276381
42567318
24653781
26435718
62345178
63241587
36425178
34621587
43612857
34168275
34612857
43168275
41362857
14326587
41235678
14253768
14527386
41253768
14235678
41326587
43125678
34216587
43126578
34215687
32451678
23546187
23451678
32546187
23456817
32548671
35246817
53428671
35248761
53427816
54328761
45237816
54327186
45231768
45327186
54231768
52413786
25147368
52417386
25143768
21547386
12453768
21435678
12346587
13245678
31426587
13246857
31428675
34126857
43216587
34125678
43215768
34251786
32457168
23541786
25347168
52437618
25346781
23547618
32456781
34265871
43628517
46325871
64238517
46328157
43621875
34268157
32461875
23416857
32146587
23415678
32145768
31247586
13425768
31245678
13426587
14362857
41638275
14683725
41867352
48163725
84617352
48167532
84615723
86451732
68547123
68451732
86547123
68574213
86752431
87654213
78562431
87654231
78562413
75864231
57682413
75628143
57261834
57628143
75261834
72516843
27158634
72518364
27153846
21758364
12573846
21537486
12354768
12537486
21354768
12345678
12345678
12345678
12345678
12345678
